image: IMI.pgm
resolution: 0.040000
origin: [-20.000000, -48.160000, 0.000000]
negate: 0
occupied_thresh: 0.65
free_thresh: 0.196

